.i 9      # .i specifies the number of inputs 
.o 5       # .o specifies the number of outputs 
.ilb cin a3 a2 a1 a0 b3 b2 b1 b0  # This line specifies the names of the inputs in order 
.ob cout s3 s2 s1 s0  # This line specifies the names of the outputs in order 


 
000000000 00000
000000001 00001
000000010 00010
000000011 00011
000000100 00100
000000101 00101
000000110 00110
000000111 00111
000001000 01000
000001001 01001
000010000 00001
000010001 00010
000010010 00011
000010011 00100
000010100 00101
000010101 00110
000010110 00111
000010111 01000
000011000 01001
000011001 10000
000100000 00010
000100001 00011
000100010 00100
000100011 00101
000100100 00110
000100101 00111
000100110 01000
000100111 01001
000101000 10000
000101001 10001
000110000 00011
000110001 00100
000110010 00101
000110011 00110
000110100 00111
000110101 01000
000110110 01001
000110111 10000
000111000 10001
000111001 10010
001000000 00100
001000001 00101
001000010 00110
001000011 00111
001000100 01000
001000101 01001
001000110 10000
001000111 10001
001001000 10010
001001001 10011
001010000 00101
001010001 00110
001010010 00111
001010011 01000
001010100 01001
001010101 10000
001010110 10001
001010111 10010
001011000 10011
001011001 10100
001100000 00110
001100001 00111
001100010 01000
001100011 01001
001100100 10000
001100101 10001
001100110 10010
001100111 10011
001101000 10100
001101001 10101
001110000 00111
001110001 01000
001110010 01001
001110011 10000
001110100 10001
001110101 10010
001110110 10011
001110111 10100
001111000 10101
001111001 10110
010000000 01000
010000001 01001
010000010 10000
010000011 10001
010000100 10010
010000101 10011
010000110 10100
010000111 10101
010001000 10110
010001001 10111
010010000 01001
010010001 10000
010010010 10001
010010011 10010
010010100 10011
010010101 10100
010010110 10101
010010111 10110
010011000 10111
010011001 11000
100000000 00001
100000001 00010
100000010 00011
100000011 00100
100000100 00101
100000101 00110
100000110 00111
100000111 01000
100001000 01001
100001001 10000
100010000 00010
100010001 00011
100010010 00100
100010011 00101
100010100 00110
100010101 00111
100010110 01000
100010111 01001
100011000 10000
100011001 10001
100100000 00011
100100001 00100
100100010 00101
100100011 00110
100100100 00111
100100101 01000
100100110 01001
100100111 10000
100101000 10001
100101001 10010
100110000 00100
100110001 00101
100110010 00110
100110011 00111
100110100 01000
100110101 01001
100110110 10000
100110111 10001
100111000 10010
100111001 10011
101000000 00101
101000001 00110
101000010 00111
101000011 01000
101000100 01001
101000101 10000
101000110 10001
101000111 10010
101001000 10011
101001001 10100
101010000 00110
101010001 00111
101010010 01000
101010011 01001
101010100 10000
101010101 10001
101010110 10010
101010111 10011
101011000 10100
101011001 10101
101100000 00111
101100001 01000
101100010 01001
101100011 10000
101100100 10001
101100101 10010
101100110 10011
101100111 10100
101101000 10101
101101001 10110
101110000 01000
101110001 01001
101110010 10000
101110011 10001
101110100 10010
101110101 10011
101110110 10100
101110111 10101
101111000 10110
101111001 10111
110000000 01001
110000001 10000
110000010 10001
110000011 10010
110000100 10011
110000101 10100
110000110 10101
110000111 10110
110001000 10111
110001001 11000
110010000 10000
110010001 10001
110010010 10010
110010011 10011
110010100 10100
110010101 10101
110010110 10110
110010111 10111
110011000 11000
110011001 11001


.e     # Signifies the end of the file.





